%YAML:1.0
---
M1: !!opencv-matrix
   rows: 3
   cols: 3
   dt: d
   data: [ 7.3627785775863106e+02, 0., 3.2539093398161566e+02, 0.,
       7.3408903561682189e+02, 2.3156118929764096e+02, 0., 0., 1. ]
D1: !!opencv-matrix
   rows: 1
   cols: 5
   dt: d
   data: [ 1.4044223551401797e-02, 8.2835295593278332e-02, 0., 0., 0]
R1: !!opencv-matrix
   rows: 3
   cols: 3
   dt: d
   data: [ 9.9988723431147186e-01, -8.2483016891777977e-03,
       1.2549270106272556e-02, 8.2656710639052271e-03,
       9.9996495047203959e-01, -1.3328575748047444e-03,
       -1.2537836448893381e-02, 1.4364354129931408e-03,
       9.9992036648449412e-01 ]
P1: !!opencv-matrix
   rows: 3
   cols: 3
   dt: d
   data: [ 7.6937110054184927e+02, 0., 3.2048746871948242e+02, 0.,
       7.6937110054184927e+02, 2.3817226600646973e+02, 0., 0., 1. ]
